-4.306297055124498
-4.306297055124498
-4.306297055124498
-4.306297055124498
-4.306297055124498
-4.306297055124498
-4.306297055124498
-6.105691987196573
-6.76306531805439
-6.76306531805439
-6.76306531805439
-6.76306531805439
-6.76306531805439
-6.76306531805439
-6.76306531805439
-6.76306531805439
-6.76306531805439
-6.76306531805439
-6.76306531805439
-6.76306531805439
-6.76306531805439
-6.76306531805439
-6.76306531805439
-6.76306531805439
-6.76306531805439
-7.08818917290692
-7.08818917290692
-7.08818917290692
-7.08818917290692
-10.214770565111458
-10.214770565111458
-10.214770565111458
-10.214770565111458
-10.214770565111458
-10.214770565111458
-10.214770565111458
-10.214770565111458
-10.214770565111458
-10.214770565111458
-10.214770565111458
-10.214770565111458
-10.214770565111458
-10.214770565111458
-10.214770565111458
-10.214770565111458
-10.214770565111458
-10.214770565111458
-10.214770565111458
-10.214770565111458
-10.214770565111458
-10.214770565111458
-10.214770565111458
-10.214770565111458
-10.214770565111458
-10.214770565111458
-10.214770565111458
-10.214770565111458
-10.214770565111458
-10.214770565111458
-10.214770565111458
-10.214770565111458
-10.214770565111458
-10.214770565111458
-14.631836624218671
-14.631836624218671
-14.631836624218671
-14.631836624218671
-14.631836624218671
-14.631836624218671
-14.631836624218671
-14.631836624218671
-14.631836624218671
-14.631836624218671
-14.631836624218671
-14.631836624218671
-14.631836624218671
-14.631836624218671
-14.631836624218671
-14.631836624218671
-14.631836624218671
-14.631836624218671
-14.631836624218671
-14.631836624218671
-14.631836624218671
-14.631836624218671
-14.631836624218671
-14.631836624218671
-14.631836624218671
-14.631836624218671
-14.631836624218671
-14.631836624218671
-14.631836624218671
-14.631836624218671
-14.631836624218671
-14.631836624218671
-14.631836624218671
-14.631836624218671
-14.631836624218671
-14.631836624218671
-14.631836624218671
