-3.4073418639179507
-3.4073418639179507
-0.5548193926933332
-2.0013104833023374
-8.958578058281843
-8.958578058281843
-8.958578058281843
-8.958578058281843
-8.958578058281843
-8.958578058281843
-8.958578058281843
-8.958578058281843
-8.958578058281843
-11.83709265702463
-11.83709265702463
-11.83709265702463
-11.83709265702463
-11.83709265702463
-11.83709265702463
-11.83709265702463
-11.83709265702463
-11.83709265702463
-11.83709265702463
-11.83709265702463
-11.83709265702463
-11.83709265702463
-11.83709265702463
-11.83709265702463
-11.83709265702463
-11.83709265702463
-11.83709265702463
-11.83709265702463
-11.83709265702463
-11.83709265702463
-11.83709265702463
-11.83709265702463
-11.83709265702463
-11.83709265702463
-11.83709265702463
-11.83709265702463
-12.052373012887436
-12.052373012887436
-12.052373012887436
-12.052373012887436
-12.052373012887436
-12.052373012887436
-12.052373012887436
-12.052373012887436
-12.052373012887436
-12.052373012887436
-12.052373012887436
-12.052373012887436
-12.052373012887436
-12.052373012887436
-12.052373012887436
-12.052373012887436
-12.052373012887436
-12.052373012887436
-12.052373012887436
-12.052373012887436
-12.052373012887436
-12.052373012887436
-12.052373012887436
-12.052373012887436
-12.052373012887436
-12.052373012887436
-12.052373012887436
-13.751777960926558
-13.751777960926558
-13.751777960926558
-13.751777960926558
-13.751777960926558
-13.751777960926558
-13.751777960926558
-13.751777960926558
-13.751777960926558
-13.751777960926558
-13.751777960926558
-13.751777960926558
-13.751777960926558
-13.751777960926558
-13.751777960926558
-13.751777960926558
-13.751777960926558
-13.751777960926558
-13.751777960926558
-13.751777960926558
-13.751777960926558
-13.751777960926558
-13.751777960926558
-13.751777960926558
-13.751777960926558
-13.751777960926558
-13.751777960926558
-13.751777960926558
-13.751777960926558
-13.751777960926558
-13.751777960926558
-13.751777960926558
-13.751777960926558
-13.751777960926558
-13.751777960926558
-13.751777960926558
-13.751777960926558
-13.751777960926558
-13.751777960926558
-13.751777960926558
-13.751777960926558
-13.751777960926558
-13.751777960926558
-13.751777960926558
-13.751777960926558
-13.751777960926558
-13.751777960926558
-13.751777960926558
-13.751777960926558
-13.751777960926558
-13.751777960926558
-13.751777960926558
-13.751777960926558
-13.751777960926558
-13.751777960926558
-13.751777960926558
-13.751777960926558
-13.751777960926558
-13.751777960926558
-13.751777960926558
-13.751777960926558
-13.751777960926558
-13.751777960926558
-13.751777960926558
-13.751777960926558
-13.751777960926558
-13.751777960926558
-13.751777960926558
-13.751777960926558
-13.751777960926558
-13.751777960926558
-13.751777960926558
-13.751777960926558
-13.751777960926558
-13.751777960926558
-13.751777960926558
-13.751777960926558
-13.751777960926558
-13.751777960926558
-13.751777960926558
-13.751777960926558
-13.751777960926558
-13.751777960926558
-13.751777960926558
-13.751777960926558
-13.751777960926558
-13.751777960926558
-13.751777960926558
-13.751777960926558
-13.751777960926558
-13.751777960926558
-15.64114987464861
-15.64114987464861
-15.64114987464861
-15.64114987464861
-15.64114987464861
-15.64114987464861
-15.64114987464861
-15.64114987464861
-15.64114987464861
-15.64114987464861
-15.64114987464861
-15.64114987464861
-15.64114987464861
-15.64114987464861
-15.64114987464861
-15.64114987464861
-15.64114987464861
-15.64114987464861
-15.64114987464861
-15.64114987464861
-15.64114987464861
-15.64114987464861
-15.64114987464861
-15.64114987464861
-15.64114987464861
-15.64114987464861
-16.04464391916593
-16.04464391916593
-16.04464391916593
-16.04464391916593
-16.04464391916593
-16.04464391916593
-16.04464391916593
-16.04464391916593
-16.04464391916593
-16.04464391916593
-16.04464391916593
-16.04464391916593
-16.04464391916593
-16.04464391916593
-16.04464391916593
-16.04464391916593
-16.04464391916593
-16.04464391916593
-16.04464391916593
-16.04464391916593
-16.04464391916593
-16.04464391916593
-16.04464391916593
-16.04464391916593
-16.04464391916593
-16.04464391916593
-16.04464391916593
-16.04464391916593
-16.04464391916593
-16.04464391916593
-16.04464391916593
-16.04464391916593
-16.04464391916593
-16.04464391916593
-16.04464391916593
-16.04464391916593
-16.04464391916593
-16.04464391916593
-16.04464391916593
-16.04464391916593
-16.04464391916593
-16.04464391916593
-16.04464391916593
-16.04464391916593
-16.04464391916593
-16.04464391916593
-16.04464391916593
-16.04464391916593
-16.04464391916593
-16.04464391916593
-16.04464391916593
-16.04464391916593
-16.04464391916593
-16.04464391916593
-16.04464391916593
-16.04464391916593
-16.04464391916593
-16.04464391916593
-16.04464391916593
-16.04464391916593
-16.04464391916593
-16.04464391916593
-16.04464391916593
-16.04464391916593
-16.04464391916593
-16.04464391916593
-16.04464391916593
-16.04464391916593
-16.04464391916593
-16.04464391916593
-16.04464391916593
-16.04464391916593
-16.04464391916593
-16.04464391916593
-16.04464391916593
-16.04464391916593
-16.04464391916593
-16.04464391916593
-16.04464391916593
-16.04464391916593
-16.04464391916593
-16.04464391916593
-16.04464391916593
-16.04464391916593
-16.04464391916593
-16.04464391916593
-16.04464391916593
-16.04464391916593
-16.04464391916593
-16.04464391916593
-16.04464391916593
-16.04464391916593
-16.04464391916593
-16.04464391916593
-16.04464391916593
-16.04464391916593
-16.04464391916593
-16.04464391916593
-16.04464391916593
-16.04464391916593
-16.04464391916593
-16.04464391916593
-16.04464391916593
-16.04464391916593
-16.04464391916593
-16.04464391916593
-16.04464391916593
-16.04464391916593
-16.04464391916593
-16.04464391916593
-16.04464391916593
-16.04464391916593
-16.04464391916593
-16.04464391916593
-16.04464391916593
-16.04464391916593
-16.04464391916593
-16.04464391916593
-16.04464391916593
-16.04464391916593
-16.04464391916593
-20.50762746102566
-20.50762746102566
-20.50762746102566
-20.50762746102566
-20.50762746102566
-20.50762746102566
-20.50762746102566
-20.50762746102566
-20.50762746102566
-20.50762746102566
-20.50762746102566
-20.50762746102566
-20.50762746102566
-20.50762746102566
-20.50762746102566
-20.50762746102566
-20.50762746102566
-20.50762746102566
-20.50762746102566
-20.50762746102566
-20.50762746102566
-20.50762746102566
-20.50762746102566
-20.50762746102566
-20.50762746102566
-20.50762746102566
-20.50762746102566
-20.50762746102566
-20.50762746102566
-20.50762746102566
-20.50762746102566
-20.50762746102566
-20.50762746102566
-20.50762746102566
-20.50762746102566
-20.50762746102566
-20.50762746102566
-20.50762746102566
-20.50762746102566
-20.50762746102566
-20.50762746102566
-20.50762746102566
-20.50762746102566
-20.50762746102566
-20.50762746102566
-20.50762746102566
-20.50762746102566
-20.50762746102566
-20.50762746102566
-20.50762746102566
-20.50762746102566
-20.50762746102566
-20.50762746102566
-20.50762746102566
-20.50762746102566
-20.50762746102566
-20.50762746102566
-20.50762746102566
-20.50762746102566
-20.50762746102566
-20.50762746102566
-20.50762746102566
-20.50762746102566
-20.50762746102566
-20.50762746102566
-20.50762746102566
-20.50762746102566
-20.50762746102566
-20.50762746102566
-20.50762746102566
-20.50762746102566
-20.50762746102566
-20.50762746102566
-20.50762746102566
-20.50762746102566
-20.50762746102566
-20.50762746102566
-20.50762746102566
-20.50762746102566
-20.50762746102566
-20.50762746102566
-20.50762746102566
-20.50762746102566
-20.50762746102566
-23.307443776195107
-23.307443776195107
-23.307443776195107
-23.307443776195107
-23.307443776195107
-23.307443776195107
-23.307443776195107
-23.307443776195107
-23.307443776195107
-23.307443776195107
-23.307443776195107
-23.307443776195107
-23.307443776195107
-23.307443776195107
-23.307443776195107
