-9.944154056283745
-9.944154056283745
-9.944154056283745
-9.944154056283745
-9.944154056283745
-9.944154056283745
-9.944154056283745
-9.944154056283745
-9.944154056283745
-9.944154056283745
-16.004472855650164
-16.004472855650164
-16.004472855650164
-16.004472855650164
-16.004472855650164
-16.004472855650164
-16.004472855650164
-16.004472855650164
-16.004472855650164
-16.004472855650164
-16.004472855650164
-16.004472855650164
-16.004472855650164
-16.004472855650164
-16.004472855650164
-16.004472855650164
-16.004472855650164
-16.004472855650164
-16.004472855650164
-16.004472855650164
-16.004472855650164
-16.004472855650164
-16.004472855650164
-16.004472855650164
-16.004472855650164
-16.004472855650164
-16.004472855650164
-16.004472855650164
-16.004472855650164
-16.004472855650164
-16.004472855650164
-16.004472855650164
-16.004472855650164
-16.004472855650164
-16.004472855650164
-16.004472855650164
-16.004472855650164
-16.004472855650164
-16.004472855650164
-16.004472855650164
-16.004472855650164
-16.004472855650164
-16.004472855650164
-16.004472855650164
-16.004472855650164
-16.004472855650164
-16.004472855650164
-16.004472855650164
-16.004472855650164
-16.004472855650164
-16.004472855650164
-16.004472855650164
-16.004472855650164
-16.004472855650164
-16.004472855650164
-16.004472855650164
-16.004472855650164
-16.004472855650164
-16.004472855650164
-16.004472855650164
-16.004472855650164
-16.004472855650164
-16.004472855650164
-16.004472855650164
-16.004472855650164
-16.004472855650164
-16.004472855650164
-16.004472855650164
-16.004472855650164
-16.004472855650164
-16.004472855650164
-16.004472855650164
-16.004472855650164
-16.004472855650164
-16.004472855650164
-16.004472855650164
-16.004472855650164
-16.004472855650164
-16.004472855650164
-17.07503816612825
-17.07503816612825
-17.07503816612825
-17.07503816612825
-17.07503816612825
-17.07503816612825
-17.07503816612825
-17.07503816612825
-17.07503816612825
-17.07503816612825
-17.07503816612825
-17.07503816612825
-17.07503816612825
-17.07503816612825
-17.07503816612825
-17.07503816612825
-17.07503816612825
-17.07503816612825
-17.07503816612825
-17.07503816612825
-17.07503816612825
-17.07503816612825
-17.07503816612825
-17.07503816612825
-17.07503816612825
-17.07503816612825
-17.07503816612825
-17.07503816612825
-17.07503816612825
-17.07503816612825
-17.07503816612825
-17.07503816612825
-17.07503816612825
-17.07503816612825
-17.07503816612825
-17.07503816612825
-17.07503816612825
-17.07503816612825
-17.07503816612825
-17.07503816612825
-17.07503816612825
-17.07503816612825
-17.07503816612825
-17.07503816612825
-17.07503816612825
-17.07503816612825
-17.07503816612825
-17.07503816612825
-17.07503816612825
-30.667715518913408
-30.667715518913408
-30.667715518913408
-30.667715518913408
-30.667715518913408
-30.667715518913408
-30.667715518913408
-30.667715518913408
-30.667715518913408
-30.667715518913408
-30.667715518913408
-30.667715518913408
-30.667715518913408
-30.667715518913408
-30.667715518913408
-30.667715518913408
-30.667715518913408
-30.667715518913408
-30.667715518913408
-30.667715518913408
-30.667715518913408
-30.667715518913408
-30.667715518913408
-30.667715518913408
-30.667715518913408
-30.667715518913408
-30.667715518913408
-30.667715518913408
-30.667715518913408
-30.667715518913408
-30.667715518913408
-30.667715518913408
-30.667715518913408
-30.667715518913408
-30.667715518913408
-30.667715518913408
-30.667715518913408
-30.667715518913408
-30.667715518913408
-30.667715518913408
-30.667715518913408
-30.667715518913408
-30.667715518913408
-30.667715518913408
-30.667715518913408
-30.667715518913408
-30.667715518913408
-30.667715518913408
-30.667715518913408
-30.667715518913408
-30.667715518913408
-30.667715518913408
-30.667715518913408
-30.667715518913408
-30.667715518913408
-30.667715518913408
-30.667715518913408
-30.667715518913408
-30.667715518913408
-30.667715518913408
-30.667715518913408
-30.667715518913408
-30.667715518913408
-30.667715518913408
-30.667715518913408
-30.667715518913408
-30.667715518913408
-30.667715518913408
-30.667715518913408
-30.667715518913408
-30.667715518913408
-30.667715518913408
-30.667715518913408
-30.667715518913408
-30.667715518913408
-30.667715518913408
-30.667715518913408
-30.667715518913408
-30.667715518913408
-30.667715518913408
-30.667715518913408
-30.667715518913408
-30.667715518913408
-30.667715518913408
-30.667715518913408
-30.667715518913408
-30.667715518913408
-30.667715518913408
-30.667715518913408
-30.667715518913408
-30.667715518913408
-30.667715518913408
