-2.6033478532697263
-5.152920955889759
-5.152920955889759
-5.152920955889759
-5.152920955889759
-5.152920955889759
-5.152920955889759
-5.152920955889759
-5.152920955889759
-8.344153125502096
-8.344153125502096
-8.344153125502096
-8.344153125502096
-8.344153125502096
-8.344153125502096
-8.344153125502096
-8.344153125502096
-8.344153125502096
-8.344153125502096
-8.344153125502096
-8.344153125502096
-8.344153125502096
-8.344153125502096
-8.344153125502096
-8.344153125502096
-8.344153125502096
-8.344153125502096
-8.344153125502096
-8.344153125502096
-8.344153125502096
-8.344153125502096
-8.344153125502096
-8.344153125502096
-8.344153125502096
-8.344153125502096
-8.344153125502096
-8.344153125502096
-8.344153125502096
-8.344153125502096
-8.344153125502096
-8.344153125502096
-9.181530418718692
-9.181530418718692
-9.181530418718692
-9.181530418718692
-9.181530418718692
-9.181530418718692
-9.181530418718692
-9.181530418718692
-9.181530418718692
-9.181530418718692
-9.181530418718692
-9.181530418718692
-9.181530418718692
-9.181530418718692
-9.181530418718692
-9.181530418718692
-9.181530418718692
-9.181530418718692
-9.181530418718692
-9.181530418718692
-9.181530418718692
-9.181530418718692
-9.181530418718692
-9.181530418718692
-9.181530418718692
-9.181530418718692
-9.181530418718692
-9.181530418718692
-9.181530418718692
-9.181530418718692
-9.181530418718692
-9.181530418718692
-9.181530418718692
-9.181530418718692
-9.181530418718692
-9.181530418718692
-9.181530418718692
-9.181530418718692
-9.181530418718692
-9.181530418718692
-9.181530418718692
-9.181530418718692
-9.181530418718692
-9.181530418718692
-9.181530418718692
-9.181530418718692
-9.181530418718692
-9.181530418718692
-9.181530418718692
-9.181530418718692
-9.181530418718692
-9.181530418718692
-9.181530418718692
-9.181530418718692
-9.181530418718692
-9.181530418718692
-9.181530418718692
-9.181530418718692
-9.181530418718692
