-7.993479114734022
-7.993479114734022
-7.993479114734022
-7.993479114734022
-7.993479114734022
-7.993479114734022
-7.993479114734022
-7.993479114734022
-7.993479114734022
-7.993479114734022
-7.993479114734022
-7.993479114734022
-7.993479114734022
-7.993479114734022
-7.993479114734022
-7.993479114734022
-7.993479114734022
-7.993479114734022
-7.993479114734022
-7.993479114734022
-7.993479114734022
-7.993479114734022
-7.993479114734022
-7.993479114734022
-7.993479114734022
-7.993479114734022
-7.993479114734022
-7.993479114734022
-7.993479114734022
-7.993479114734022
-7.993479114734022
-7.993479114734022
-7.993479114734022
-7.993479114734022
-7.993479114734022
-7.993479114734022
-7.993479114734022
-7.993479114734022
-7.993479114734022
-7.993479114734022
-7.993479114734022
-7.993479114734022
-7.993479114734022
-9.576718458725924
-9.576718458725924
-9.576718458725924
-9.576718458725924
-9.576718458725924
-9.576718458725924
-9.576718458725924
-9.576718458725924
-9.576718458725924
-9.576718458725924
-9.576718458725924
-11.39375234502991
-11.39375234502991
-11.39375234502991
-11.39375234502991
-11.39375234502991
-11.39375234502991
-11.39375234502991
-11.39375234502991
-11.39375234502991
-11.39375234502991
-11.39375234502991
-11.39375234502991
-11.39375234502991
-11.39375234502991
-11.39375234502991
-11.39375234502991
-11.39375234502991
-11.39375234502991
-11.39375234502991
-11.39375234502991
-11.39375234502991
-11.39375234502991
-11.39375234502991
-11.39375234502991
-11.39375234502991
-11.39375234502991
-11.39375234502991
-11.39375234502991
-11.39375234502991
-11.39375234502991
-11.39375234502991
-11.39375234502991
-11.39375234502991
-11.39375234502991
-11.39375234502991
-11.39375234502991
-11.39375234502991
-11.39375234502991
-11.39375234502991
-11.39375234502991
-11.39375234502991
-11.39375234502991
-11.39375234502991
-11.39375234502991
-11.39375234502991
-11.39375234502991
