-2.092886956185194
-6.242773665806217
-6.71364323006718
-6.71364323006718
-6.71364323006718
-7.609802904400071
-7.609802904400071
-7.609802904400071
-7.609802904400071
-8.439468975308687
-8.439468975308687
-8.439468975308687
-8.439468975308687
-8.439468975308687
-8.439468975308687
-8.439468975308687
-8.439468975308687
-8.439468975308687
-8.439468975308687
-8.439468975308687
-8.694605499405197
-11.389634947022783
-11.389634947022783
-11.389634947022783
-11.389634947022783
-11.389634947022783
-11.389634947022783
-11.389634947022783
-11.389634947022783
-11.389634947022783
-11.389634947022783
-11.389634947022783
-11.389634947022783
-11.389634947022783
-11.389634947022783
-11.389634947022783
-11.389634947022783
-11.389634947022783
-11.389634947022783
-11.389634947022783
-11.389634947022783
-11.389634947022783
-11.389634947022783
-11.389634947022783
-11.389634947022783
-11.389634947022783
-11.389634947022783
-11.389634947022783
-11.389634947022783
-11.389634947022783
-11.389634947022783
-11.389634947022783
-11.389634947022783
-11.389634947022783
-11.389634947022783
-11.389634947022783
-11.389634947022783
-11.389634947022783
-11.389634947022783
-11.389634947022783
-11.389634947022783
-11.389634947022783
-11.389634947022783
-11.389634947022783
-11.389634947022783
-11.389634947022783
-11.389634947022783
-11.389634947022783
-11.389634947022783
-11.389634947022783
-11.389634947022783
-11.389634947022783
-11.389634947022783
-11.389634947022783
-11.389634947022783
-11.389634947022783
-11.389634947022783
-11.389634947022783
-11.389634947022783
-11.389634947022783
-11.389634947022783
-11.389634947022783
-11.389634947022783
-11.389634947022783
-11.389634947022783
-11.389634947022783
-11.389634947022783
-11.389634947022783
-11.389634947022783
-11.389634947022783
-11.389634947022783
-11.389634947022783
-11.389634947022783
-11.389634947022783
-11.389634947022783
-11.389634947022783
-11.389634947022783
-11.389634947022783
-11.389634947022783
-11.389634947022783
-11.389634947022783
-11.389634947022783
-11.389634947022783
-11.389634947022783
-11.389634947022783
-11.389634947022783
-11.389634947022783
-11.389634947022783
-11.389634947022783
-11.389634947022783
-11.389634947022783
-11.389634947022783
-11.389634947022783
-11.389634947022783
-11.389634947022783
-11.389634947022783
-11.389634947022783
-11.461910609294433
-11.461910609294433
-11.461910609294433
-11.461910609294433
-11.461910609294433
-11.461910609294433
-11.461910609294433
-11.461910609294433
