-4.638515244715991
-4.638515244715991
-7.173750043524368
-7.173750043524368
-7.173750043524368
-7.173750043524368
-7.173750043524368
-7.173750043524368
-7.173750043524368
-7.173750043524368
-7.173750043524368
-7.173750043524368
-7.173750043524368
-7.173750043524368
-7.173750043524368
-7.173750043524368
-7.173750043524368
-7.173750043524368
-7.173750043524368
-7.173750043524368
-7.173750043524368
-7.173750043524368
-7.173750043524368
-7.173750043524368
-7.173750043524368
-8.99067383288522
-8.99067383288522
-8.99067383288522
-8.99067383288522
-8.99067383288522
-8.99067383288522
-8.99067383288522
-8.99067383288522
-8.99067383288522
-8.99067383288522
-8.99067383288522
-8.99067383288522
-8.99067383288522
-8.99067383288522
-8.99067383288522
-8.99067383288522
-8.99067383288522
-8.99067383288522
-8.99067383288522
-8.99067383288522
-8.99067383288522
-8.99067383288522
-8.99067383288522
-8.99067383288522
-8.99067383288522
-8.99067383288522
-8.99067383288522
-8.99067383288522
-8.99067383288522
-8.99067383288522
-8.99067383288522
-8.99067383288522
-8.99067383288522
-8.99067383288522
-8.99067383288522
-8.99067383288522
-8.99067383288522
-8.99067383288522
-8.99067383288522
-8.99067383288522
-8.99067383288522
-8.99067383288522
-8.99067383288522
-8.99067383288522
-8.99067383288522
-8.99067383288522
-8.99067383288522
-8.99067383288522
-8.99067383288522
-8.99067383288522
-8.99067383288522
-8.99067383288522
-8.99067383288522
-8.99067383288522
-8.99067383288522
-8.99067383288522
-8.99067383288522
-8.99067383288522
-8.99067383288522
-8.99067383288522
-8.99067383288522
-8.99067383288522
-8.99067383288522
-8.99067383288522
-8.99067383288522
-8.99067383288522
-8.99067383288522
-8.99067383288522
-8.99067383288522
-8.99067383288522
-8.99067383288522
-8.99067383288522
-8.99067383288522
-8.99067383288522
-8.99067383288522
